MEMORY
  total            13.2 MB
  struct          159.0 KB
  buffer            9.8 KB
  arena            13.0 MB, used 0.2%

SIZES
  narena                13631488
  nbuffer               10048
  nplugin               0
  maxuse_stack          2640
  maxuse_arena          32304
  maxuse_con            8
  maxuse_efc            32
  solver_nisland        1
  ncon                  6
  ne                    0
  nf                    0
  nl                    0
  nefc                  24
  nJ                    192
  nA                    0
  nisland               0
  threadpool            0

TIMER
    0:  duration =  0.0068     number = 1
    1:  duration =  0.0066     number = 1
    2:  duration =  0          number = 0
    3:  duration =  0.0033     number = 1
    4:  duration =  0.00048    number = 1
    5:  duration =  0          number = 0
    6:  duration =  0.0026     number = 1
    7:  duration =  8e-05      number = 1
    8:  duration =  0.00043    number = 1
    9:  duration =  0.00036    number = 2
    10:  duration =  0.00091    number = 1
    11:  duration =  0.0013     number = 1
    12:  duration =  3e-05      number = 1
    13:  duration =  0.00034    number = 1
    14:  duration =  0.00048    number = 1

SOLVER STAT
  solver_nisland = 1
  solver_fwdinv =   0         0       
  ISLAND 0
    solver_niter = 1
    solver_nnz = 64
      0:  improvement =  0           gradient =  4.3e-16     lineslope =  0       
          nactive = 24   nchange = 0   neval = 2   nupdate = 0

ENERGY =   0         0       

TIME =  2.6e+03 

QPOS
   5.3e-18 
  -0.022   
   0.02    
   0.63    
   0.77    
   2.5e-16 
   2.2e-16 
  -1.9     
  -1.9     

QVEL
  -9.4e-20 
   9.5e-16 
   4.7e-16 
  -4.9e-14 
  -7.8e-18 
   2.9e-18 
   1.2e-16 
   1.5e-16 

QACC_WARMSTART
  -8.8e-18 
  -9.8e-18 
  -8.5e-18 
   8.4e-16 
  -6.7e-16 
   2.4e-16 
  -1.2e-15 
   1.5e-15 

QFRC_APPLIED
   0       
   0       
   0       
   0       
   0       
   0       
   0       
   0       

XFRC_APPLIED
   0         0         0         0         0         0       
   0         0         0         0         0         0       
   0         0         0         0         0         0       
   0         0         0         0         0         0       

QACC
  -8.8e-18 
  -9.8e-18 
  -8.5e-18 
   8.4e-16 
  -6.7e-16 
   2.4e-16 
  -1.2e-15 
   1.5e-15 

XPOS
   0         0         0       
   5.3e-18  -0.022     0.02    
  -0.048     0.0025    0.026   
   0.048     0.0025    0.026   

XQUAT
   1         0         0         0       
   0.63      0.77      2.5e-16   2.2e-16 
   1        -0.079    -3.7e-17   3.3e-16 
   1        -0.079    -3.7e-17   3.3e-16 

XMAT
   1         0         0         0         1         0         0         0         1       
   1         1.1e-16   6.6e-16   6.7e-16  -0.19     -0.98      2.1e-17   0.98     -0.19    
   1        -6.6e-16  -1.3e-16   6.7e-16   0.99      0.16      2.1e-17  -0.16      0.99    
   1        -6.6e-16  -1.3e-16   6.7e-16   0.99      0.16      2.1e-17  -0.16      0.99    

XIPOS
   0         0         0       
   5.3e-18  -0.022     0.02    
  -0.048     0.0025    0.026   
   0.048     0.0025    0.026   

XIMAT
   1         0         0         0         1         0         0         0         1       
   1         1.1e-16   6.6e-16   6.7e-16  -0.19     -0.98      2.1e-17   0.98     -0.19    
   2.2e-16  -6.7e-16   1        -0.16      0.99      6.8e-16  -0.99     -0.16      1.1e-16 
   2.2e-16  -6.7e-16   1        -0.16      0.99      6.8e-16  -0.99     -0.16      1.1e-16 

XANCHOR
   5.3e-18  -0.022     0.02    
  -0.048     0.0025    0.026   
   0.048     0.0025    0.026   

XAXIS
   0         0         1       
   1         6.7e-16   2.1e-17 
   1         6.7e-16   2.1e-17 

GEOM_XPOS
   0         0         0       
   5.3e-18  -0.022     0.02    
  -0.048     0.0025    0.026   
   0.048     0.0025    0.026   

GEOM_XMAT
   1         0         0         0         1         0         0         0         1       
   1         1.1e-16   6.6e-16   6.7e-16  -0.19     -0.98      2.1e-17   0.98     -0.19    
   2.2e-16  -6.7e-16   1        -0.16      0.99      6.8e-16  -0.99     -0.16      1.1e-16 
   2.2e-16  -6.7e-16   1        -0.16      0.99      6.8e-16  -0.99     -0.16      1.1e-16 

LIGHT_XPOS
   0         0         3       

LIGHT_XDIR
   0         0        -1       

SUBTREE_COM
  -4.6e-18   0.00061   0.026   
  -4.6e-18   0.00061   0.026   
  -0.048     0.0025    0.026   
   0.048     0.0025    0.026   

CDOF
   0         0         0         1         0         0       
   0         0         0         0         1         0       
   0         0         0         0         0         1       
   1         6.7e-16   2.1e-17   3.7e-18  -0.0063    0.022   
   1.1e-16  -0.19      0.98     -0.023    -1e-17     4.9e-19 
   6.6e-16  -0.98     -0.19     -0.0018   -2.2e-18   4.9e-18 
   1         6.7e-16   2.1e-17  -3.1e-19   0.00053  -0.0019  
   1         6.7e-16   2.1e-17  -3.1e-19   0.00053  -0.0019  

CINERT
   0         0         0         0         0         0         0         0         0         0       
   3.4e-05   1.7e-05   4.5e-05   8.1e-21   3.6e-21  -7e-06     2.7e-19  -0.0006   -0.00017   0.027   
   5.7e-05   0.0004    0.0004    1.4e-05   4.1e-06  -1.6e-07  -0.0077    0.0003    8.5e-05   0.16    
   5.7e-05   0.0004    0.0004   -1.4e-05  -4.1e-06  -1.6e-07   0.0077    0.0003    8.5e-05   0.16    

CRB
   0         0         0         0         0         0         0         0         0         0       
   0.00015   0.00081   0.00084  -4.6e-19   8.5e-21  -7.4e-06   0         1.6e-19   3.5e-19   0.35    
   5.7e-05   0.0004    0.0004    1.4e-05   4.1e-06  -1.6e-07  -0.0077    0.0003    8.5e-05   0.16    
   5.7e-05   0.0004    0.0004   -1.4e-05  -4.1e-06  -1.6e-07   0.0077    0.0003    8.5e-05   0.16    

QM
   0.35    
   0         0.35    
   0         0         0.35    
   1.3e-18  -0.0022    0.0077    0.00033 
  -0.008    -3.6e-18   1.7e-19   1.9e-20   0.001   
  -0.00064  -7.7e-19   1.7e-18   5.6e-20   1.6e-05   0.00081 
   1.2e-35  -1.4e-20   0         5.6e-05   2.5e-21   1.4e-21   5.6e-05 
   1.2e-35   0         0         5.6e-05   2.5e-21   1.4e-21             5.6e-05 

QLD
     0:  0.28    
     0:  1.3e-16    1:  0.25    
     0: -6.2e-16    1:  1          2:  0.077   
     0:  6.5e-15    1: -9.9        2:  35         3:  0.00022 
     0: -7.8        1: -3.5e-15    2:  1.3e-16    3:  1.2e-17    4:  0.001   
     0: -0.79       1: -9.4e-16    2:  2.1e-15    3:  6.5e-17    4:  0.02       5:  0.00081 
     0:  2.1e-31    1: -2.4e-16    2:  0          3:  1          4:  4.5e-17    5:  2.6e-17    6:  5.6e-05 
     0:  2.1e-31    1:  0          2:  0          3:  1          4:  4.5e-17    5:  2.6e-17    7:  5.6e-05 

QLDIAGINV
   3.5     
   4       
   13      
   4.5e+03 
   9.7e+02 
   1.2e+03 
   1.8e+04 
   1.8e+04 

B: body-dof matrix
----------
 xxxxxxxx |
 xxxxxxxx |
 xxxxxxx  |
 xxxxxx x |
----------

B_rownnz              8 8 7 7

B_rowadr              0 8 16 23

B_colind              0 1 2 3 4 5 6 7 0 1 2 3 4 5 6 7 0 1 2 3 4 5 6 0 1 2 3 4 5 7

M: inertia matrix
----------
 x        |
 xx       |
 xxx      |
 xxxx     |
 xxxxx    |
 xxxxxx   |
 xxxxxxx  |
 xxxxxx x |
----------

M_rownnz              1 2 3 4 5 6 7 7

M_rowadr              0 1 3 6 10 15 21 28

M_colind              0 0 1 0 1 2 0 1 2 3 0 1 2 3 4 0 1 2 3 4 5 0 1 2 3 4 5 6 0 1 2 3 4 5 7

mapM2M                0 2 1 5 4 3 9 8 7 6 14 13 12 11 10 20 19 18 17 16 15 27 26 25 24 23 22 21 34 33 32 31 30 29 28

C: reduced dof-dof matrix
----------
 x        |
 xx       |
 xxx      |
 xxxx     |
 xxxxx    |
 xxxxxx   |
 xxxxxxx  |
 xxxxxx x |
----------

C_rownnz              1 2 3 4 5 6 7 7

C_rowadr              0 1 3 6 10 15 21 28

C_colind              0 0 1 0 1 2 0 1 2 3 0 1 2 3 4 0 1 2 3 4 5 0 1 2 3 4 5 6 0 1 2 3 4 5 7

mapM2C                0 2 1 5 4 3 9 8 7 6 14 13 12 11 10 20 19 18 17 16 15 27 26 25 24 23 22 21 34 33 32 31 30 29 28

D: dof-dof matrix
----------
 Dxxxxxxx |
 xDxxxxxx |
 xxDxxxxx |
 xxxDxxxx |
 xxxxDxxx |
 xxxxxDxx |
 xxxxxxD  |
 xxxxxx D |
----------

D_rownnz              8 8 8 8 8 8 7 7

D_rowadr              0 8 16 24 32 40 48 55

D_colind              0 1 2 3 4 5 6 7 0 1 2 3 4 5 6 7 0 1 2 3 4 5 6 7 0 1 2 3 4 5 6 7 0 1 2 3 4 5 6 7 0 1 2 3 4 5 6 7 0 1 2 3 4 5 6 0 1 2 3 4 5 7

mapM2D                0 2 5 9 14 20 27 34 2 1 4 8 13 19 26 33 5 4 3 7 12 18 25 32 9 8 7 6 11 17 24 31 14 13 12 11 10 16 23 30 20 19 18 17 16 15 22 29 27 26 25 24 23 22 21 34 33 32 31 30 29 28

mapD2M                0 9 8 18 17 16 27 26 25 24 36 35 34 33 32 45 44 43 42 41 40 54 53 52 51 50 49 48 61 60 59 58 57 56 55

CONTACT
  0:
     dim           3
     geoms         0 : 1
     exclude       0
     efc_address   0
     solref         0.02      1       
     solimp         0.9       0.95      0.001     0.5       2       
     dist          -1.8e-05 
     includemargin  0       
     pos           -0.04     -0.064    -8.8e-06 
     frame          0         0         1         0         1         0        -1         0         0       
     friction       1         1         0.005     0.0001    0.0001  
     mu             1       
  1:
     dim           3
     geoms         0 : 1
     exclude       0
     efc_address   4
     solref         0.02      1       
     solimp         0.9       0.95      0.001     0.5       2       
     dist          -1.8e-05 
     includemargin  0       
     pos            0.04     -0.064    -8.8e-06 
     frame          0         0         1         0         1         0        -1         0         0       
     friction       1         1         0.005     0.0001    0.0001  
     mu             1       
  2:
     dim           3
     geoms         0 : 2
     exclude       0
     efc_address   8
     solref         0.02      1       
     solimp         0.9       0.95      0.001     0.5       2       
     dist          -0.00017 
     includemargin  0       
     pos           -0.054     0.0025   -8.5e-05 
     frame          0         0         1         0         1         0        -1         0         0       
     friction       1         1         0.005     0.0001    0.0001  
     mu             1       
  3:
     dim           3
     geoms         0 : 2
     exclude       0
     efc_address   12
     solref         0.02      1       
     solimp         0.9       0.95      0.001     0.5       2       
     dist          -0.00017 
     includemargin  0       
     pos           -0.042     0.0025   -8.5e-05 
     frame          0         0         1         0         1         0        -1         0         0       
     friction       1         1         0.005     0.0001    0.0001  
     mu             1       
  4:
     dim           3
     geoms         0 : 3
     exclude       0
     efc_address   16
     solref         0.02      1       
     solimp         0.9       0.95      0.001     0.5       2       
     dist          -0.00017 
     includemargin  0       
     pos            0.042     0.0025   -8.5e-05 
     frame          0         0         1         0         1         0        -1         0         0       
     friction       1         1         0.005     0.0001    0.0001  
     mu             1       
  5:
     dim           3
     geoms         0 : 3
     exclude       0
     efc_address   20
     solref         0.02      1       
     solimp         0.9       0.95      0.001     0.5       2       
     dist          -0.00017 
     includemargin  0       
     pos            0.054     0.0025   -8.5e-05 
     frame          0         0         1         0         1         0        -1         0         0       
     friction       1         1         0.005     0.0001    0.0001  
     mu             1       

EFC_TYPE
  6
  6
  6
  6
  6
  6
  6
  6
  6
  6
  6
  6
  6
  6
  6
  6
  6
  6
  6
  6
  6
  6
  6
  6

EFC_ID
  0
  0
  0
  0
  1
  1
  1
  1
  2
  2
  2
  2
  3
  3
  3
  3
  4
  4
  4
  4
  5
  5
  5
  5

EFC_J
   0         1         1        -0.022    -0.047    -0.031     0         0       
   0        -1         1        -0.062     0.031    -0.047     0         0       
  -1         0         1        -0.042    -0.053    -0.05      0         0       
   1         0         1        -0.042     0.037    -0.028     0         0       
   0         1         1        -0.022     0.047     0.031     0         0       
   0        -1         1        -0.062    -0.031     0.047     0         0       
  -1         0         1        -0.042    -0.037     0.028     0         0       
   1         0         1        -0.042     0.053     0.05      0         0       
   0         1         1         0.044    -0.063    -0.042     0.026     0       
   0        -1         1         0.0045    0.042    -0.063    -0.026     0       
  -1         0         1         0.024     0.0094   -0.077     1.8e-17   0       
   1         0         1         0.024    -0.03     -0.029    -1.8e-17   0       
   0         1         1         0.044    -0.049    -0.033     0.026     0       
   0        -1         1         0.0045    0.033    -0.049    -0.026     0       
  -1         0         1         0.024     0.012    -0.065     1.7e-17   0       
   1         0         1         0.024    -0.028    -0.017    -1.8e-17   0       
   0         1         1         0.044     0.049     0.033     0         0.026   
   0        -1         1         0.0045   -0.033     0.049     0        -0.026   
  -1         0         1         0.024     0.028     0.017     0         1.8e-17 
   1         0         1         0.024    -0.012     0.065     0        -1.7e-17 
   0         1         1         0.044     0.063     0.042     0         0.026   
   0        -1         1         0.0045   -0.042     0.063     0        -0.026   
  -1         0         1         0.024     0.03      0.029     0         1.8e-17 
   1         0         1         0.024    -0.0094    0.077     0        -1.8e-17 

EFC_POS
  -1.8e-05 
  -1.8e-05 
  -1.8e-05 
  -1.8e-05 
  -1.8e-05 
  -1.8e-05 
  -1.8e-05 
  -1.8e-05 
  -0.00017 
  -0.00017 
  -0.00017 
  -0.00017 
  -0.00017 
  -0.00017 
  -0.00017 
  -0.00017 
  -0.00017 
  -0.00017 
  -0.00017 
  -0.00017 
  -0.00017 
  -0.00017 
  -0.00017 
  -0.00017 

EFC_MARGIN
   0       
   0       
   0       
   0       
   0       
   0       
   0       
   0       
   0       
   0       
   0       
   0       
   0       
   0       
   0       
   0       
   0       
   0       
   0       
   0       
   0       
   0       
   0       
   0       

EFC_FRICTIONLOSS
   0       
   0       
   0       
   0       
   0       
   0       
   0       
   0       
   0       
   0       
   0       
   0       
   0       
   0       
   0       
   0       
   0       
   0       
   0       
   0       
   0       
   0       
   0       
   0       

EFC_DIAGAPPROX
   33      
   33      
   33      
   33      
   33      
   33      
   33      
   33      
   19      
   19      
   19      
   19      
   19      
   19      
   19      
   19      
   19      
   19      
   19      
   19      
   19      
   19      
   19      
   19      

EFC_KBIP
   2.8e+03   1.1e+02   0.9      -3.5     
   2.8e+03   1.1e+02   0.9      -3.5     
   2.8e+03   1.1e+02   0.9      -3.5     
   2.8e+03   1.1e+02   0.9      -3.5     
   2.8e+03   1.1e+02   0.9      -3.5     
   2.8e+03   1.1e+02   0.9      -3.5     
   2.8e+03   1.1e+02   0.9      -3.5     
   2.8e+03   1.1e+02   0.9      -3.5     
   2.8e+03   1.1e+02   0.9      -34      
   2.8e+03   1.1e+02   0.9      -34      
   2.8e+03   1.1e+02   0.9      -34      
   2.8e+03   1.1e+02   0.9      -34      
   2.8e+03   1.1e+02   0.9      -34      
   2.8e+03   1.1e+02   0.9      -34      
   2.8e+03   1.1e+02   0.9      -34      
   2.8e+03   1.1e+02   0.9      -34      
   2.8e+03   1.1e+02   0.9      -34      
   2.8e+03   1.1e+02   0.9      -34      
   2.8e+03   1.1e+02   0.9      -34      
   2.8e+03   1.1e+02   0.9      -34      
   2.8e+03   1.1e+02   0.9      -34      
   2.8e+03   1.1e+02   0.9      -34      
   2.8e+03   1.1e+02   0.9      -34      
   2.8e+03   1.1e+02   0.9      -34      

EFC_D
   0.27    
   0.27    
   0.27    
   0.27    
   0.27    
   0.27    
   0.27    
   0.27    
   0.49    
   0.49    
   0.49    
   0.49    
   0.49    
   0.49    
   0.49    
   0.49    
   0.49    
   0.49    
   0.49    
   0.49    
   0.49    
   0.49    
   0.49    
   0.49    

EFC_R
   3.6     
   3.6     
   3.6     
   3.6     
   3.6     
   3.6     
   3.6     
   3.6     
   2.1     
   2.1     
   2.1     
   2.1     
   2.1     
   2.1     
   2.1     
   2.1     
   2.1     
   2.1     
   2.1     
   2.1     
   2.1     
   2.1     
   2.1     
   2.1     

CVEL
   0         0         0         0         0         0       
  -4.9e-14  -1.2e-18  -6.8e-18   6.7e-20   1.3e-15  -6.1e-16 
  -4.9e-14  -1.2e-18  -6.8e-18   6.7e-20   1.3e-15  -6.1e-16 
  -4.9e-14  -1.2e-18  -6.8e-18   6.7e-20   1.3e-15  -6.1e-16 

CDOF_DOT
   0         0         0         0         0         0       
   0         0         0         0         0         0       
   0         0         0         0         0         0       
   0         0         0        -3e-31     4.7e-16  -9.5e-16 
   0         0        -0         1e-15     7.4e-20   1.5e-20 
   0         0        -0         2.8e-16  -1.5e-20   7.4e-20 
   4.5e-33  -6.8e-18   1.2e-18   5.8e-21  -7e-16    -1.3e-15 
   4.5e-33  -6.8e-18   1.2e-18   5.8e-21  -7e-16    -1.3e-15 

QFRC_BIAS
   1.2e-33 
  -1.8e-29 
   3.4     
   0.076   
   1.7e-18 
   1.7e-17 
   0       
   0       

QFRC_SPRING
   0       
   0       
   0       
   0       
   0       
   0       
   0       
   0       

QFRC_DAMPER
   0       
   0       
   0       
   0       
   0       
   0       
   0       
   0       

QFRC_GRAVCOMP
   0       
   0       
   0       
   0       
   0       
   0       
   0       
   0       

QFRC_FLUID
   0       
   0       
   0       
   0       
   0       
   0       
   0       
   0       

QFRC_PASSIVE
   0       
   0       
   0       
   0       
   0       
   0       
   0       
   0       

EFC_VEL
   2.5e-15 
   2.5e-15 
   2.5e-15 
   2.5e-15 
   2.5e-15 
   2.5e-15 
   2.5e-15 
   2.5e-15 
  -7e-16   
  -7e-16   
  -7e-16   
  -7e-16   
  -7e-16   
  -7e-16   
  -7e-16   
  -7e-16   
  -7e-16   
  -7e-16   
  -7e-16   
  -7e-16   
  -7e-16   
  -7e-16   
  -7e-16   
  -7e-16   

EFC_AREF
   0.044   
   0.044   
   0.044   
   0.044   
   0.044   
   0.044   
   0.044   
   0.044   
   0.42    
   0.42    
   0.42    
   0.42    
   0.42    
   0.42    
   0.42    
   0.42    
   0.42    
   0.42    
   0.42    
   0.42    
   0.42    
   0.42    
   0.42    
   0.42    

SUBTREE_LINVEL
   0         0         0       
   0         0         0       
   0         0         0       
   0         0         0       

SUBTREE_ANGMOM
   0         0         0       
   0         0         0       
   0         0         0       
   0         0         0       

QFRC_ACTUATOR
   0       
   0       
   0       
   0       
   0       
   0       
   0       
   0       

QFRC_SMOOTH
  -1.2e-33 
   1.8e-29 
  -3.4     
  -0.076   
  -1.7e-18 
  -1.7e-17 
   0       
   0       

QACC_SMOOTH
  -4e-31   
   4.5e-16 
  -9.8     
   1.1e-13 
  -2.4e-30 
   6.3e-30 
  -1.1e-13 
  -1.1e-13 

EFC_B
  -9.9     
  -9.9     
  -9.9     
  -9.9     
  -9.9     
  -9.9     
  -9.9     
  -9.9     
  -10      
  -10      
  -10      
  -10      
  -10      
  -10      
  -10      
  -10      
  -10      
  -10      
  -10      
  -10      
  -10      
  -10      
  -10      
  -10      

EFC_FORCE
   0.012   
   0.012   
   0.012   
   0.012   
   0.012   
   0.012   
   0.012   
   0.012   
   0.21    
   0.21    
   0.21    
   0.21    
   0.21    
   0.21    
   0.21    
   0.21    
   0.21    
   0.21    
   0.21    
   0.21    
   0.21    
   0.21    
   0.21    
   0.21    

EFC_STATE
  1
  1
  1
  1
  1
  1
  1
  1
  1
  1
  1
  1
  1
  1
  1
  1
  1
  1
  1
  1
  1
  1
  1
  1

QFRC_CONSTRAINT
  -2.8e-17 
  -5.6e-17 
   3.4     
   0.076   
   6.7e-18 
   1.4e-17 
  -9e-20   
  -8.7e-19 

QFRC_INVERSE
   0       
   0       
   0       
   0       
   0       
   0       
   0       
   0       

CACC
   0         0         0         0         0         0       
   0         0         0         0         0         0       
   0         0         0         0         0         0       
   0         0         0         0         0         0       

CFRC_INT
   0         0         0         0         0         0       
   0         0         0         0         0         0       
   0         0         0         0         0         0       
   0         0         0         0         0         0       

CFRC_EXT
   0         0         0         0         0         0       
   0         0         0         0         0         0       
   0         0         0         0         0         0       
   0         0         0         0         0         0       

